PeteZahHutt,2929,3657,3621,3313,3683,3525,4221,3040,3069,3368,-1,2889,-1,3164,3862,-1,-1,2382,3492
fruitberries,-1,-1,-1,-1,-1,3031,2638,-1,3805,-1,3129,3318,-1,3079,2859,-1,2075,3307,3306
Quig,3330,3769,2415,2685,3732,3519,3330,3549,2932,3730,2979,2741,-1,2471,2948,-1,2965,3328,3044
Sapnap,-1,-1,-1,-1,-1,-1,2963,2497,3459,2284,2533,3138,-1,2886,3380,-1,4223,2697,2912
Illumina,-1,-1,-1,-1,-1,-1,-1,-1,-1,-1,-1,2282,-1,2849,-1,4199,3208,-1,2909
Grian,-1,-1,-1,-1,-1,2111,1996,-1,1727,-1,2107,1962,-1,2308,1827,2317,1827,2461,2815
SB737,-1,-1,-1,-1,-1,-1,-1,1861,1925,-1,-1,2413,3005,-1,2403,-1,-1,-1,2735
Dream,-1,-1,-1,-1,-1,3250,3405,3060,2373,3405,3626,2764,-1,2833,2224,-1,3203,3031,2688
Ranboo,-1,-1,-1,-1,-1,-1,-1,-1,-1,-1,-1,-1,-1,-1,-1,-1,2167,2085,2627
Smajor1995,2361,2567,2711,1950,2485,2375,2511,1801,2268,2752,2681,2400,3917,2403,2721,2643,2074,2348,2527
HBomb94,2470,2877,2422,2453,2001,2972,3459,2998,3413,-1,2621,2600,-1,2821,2731,-1,-1,2165,2491
WilburSoot,1657,2447,1770,2129,2021,2139,2290,2283,1978,1916,2178,2211,-1,1967,1431,2663,2251,2002,2445
GeorgeNotFound,-1,-1,-1,-1,-1,2450,2004,2092,2509,2491,2071,2459,-1,2127,1961,-1,-1,2371,2423
Antfrost,-1,-1,-1,-1,-1,-1,-1,-1,-1,-1,-1,-1,-1,-1,-1,-1,2155,2677,2372
SolidarityGaming,2205,1508,2721,2097,2486,2216,1271,1748,1904,2313,1860,1970,4103,-1,2099,2520,1052,-1,2351
FalseSymmetry,-1,-1,-1,1909,1976,1652,1810,1327,2455,2261,2217,1590,-1,2347,1248,-1,1395,-1,2343
InTheLittleWood,1967,1558,-1,2514,2472,2864,1837,1983,1606,-1,1766,-1,3272,-1,2286,3040,2134,-1,2289
TommyInnit,-1,3685,2530,3010,2257,2314,1997,2086,2751,1474,2879,2225,-1,2338,2619,3204,2116,1830,2188
Tubbo,-1,-1,-1,-1,-1,-1,-1,-1,2351,1578,1803,2359,-1,2688,2553,2467,2312,2263,2090
Shubble,2626,1605,2562,1702,2447,2015,1376,1005,1684,2109,2150,1834,-1,2001,1630,2240,1218,1950,2089
fWhip,-1,-1,-1,1456,2534,2008,2724,2609,-1,-1,2139,2059,-1,-1,-1,-1,1901,-1,2041
CaptainSparklez,2014,2120,3080,2800,2719,2629,2583,2479,2575,2038,1787,2608,-1,2374,1968,-1,2206,2223,2016
Punz,-1,-1,-1,-1,-1,-1,-1,-1,-1,-1,-1,2449,-1,2649,3451,-1,2976,3332,2005
GeminiTay,-1,-1,-1,-1,-1,-1,-1,-1,-1,-1,-1,-1,-1,-1,-1,-1,-1,-1,1911
KryticZeuz,1068,1112,1499,1479,1224,-1,1381,-1,-1,1019,-1,-1,-1,1217,-1,-1,-1,930,1823
Cubfan135,-1,-1,-1,-1,1658,1658,-1,1164,-1,2307,-1,1701,-1,-1,1593,-1,-1,-1,1803
KarlJacobs,-1,-1,-1,-1,-1,-1,-1,-1,-1,-1,1329,-1,-1,1487,-1,-1,-1,-1,1803
RenDog,-1,-1,-1,1785,1703,1498,1243,1280,2099,-1,1675,1425,-1,-1,1388,-1,1396,-1,1686
Vixella,626,752,745,957,897,-1,909,-1,-1,955,-1,-1,-1,564,-1,-1,-1,596,1637
Ponk,-1,-1,-1,-1,-1,-1,-1,-1,-1,-1,-1,-1,-1,-1,-1,-1,-1,2079,1564
5uppps,-1,-1,-1,-1,-1,-1,-1,-1,-1,-1,-1,-1,-1,-1,-1,-1,1829,2016,1549
KaraCorvus,2371,1980,1665,2372,2013,1971,2262,1718,1923,1695,1483,1927,-1,1806,1398,-1,730,-1,1544
The_Eret,1810,1805,1604,-1,1825,1518,2516,1559,1529,2024,-1,-1,-1,1998,1671,1860,-1,-1,1486
Sneegsnag,-1,-1,-1,-1,-1,-1,-1,-1,-1,-1,-1,-1,-1,-1,-1,-1,-1,-1,1438
vGumiho,-1,-1,-1,-1,-1,-1,-1,-1,-1,-1,-1,-1,-1,-1,-1,-1,-1,-1,1367
Wisp,-1,-1,-1,-1,-1,-1,-1,-1,-1,-1,-1,1937,-1,2048,2447,2759,2066,-1,1350
JackManifoldTV,-1,-1,-1,-1,-1,-1,-1,-1,-1,-1,-1,-1,-1,-1,1571,-1,1926,2191,1320
Ph1LzA,2261,3401,-1,3150,2075,2556,2931,2660,1923,2424,2140,3160,-1,2839,2328,-1,2000,2020,1209
King_Burren,2445,2483,1645,2215,2427,2172,1804,2327,-1,2395,1238,2142,-1,-1,-1,2549,-1,-1,1160
Nihachu,-1,-1,-1,-1,-1,-1,-1,-1,-1,1260,600,1102,-1,-1,1450,1385,865,1700,1078
AlexTheRambler,-1,-1,-1,-1,-1,-1,-1,-1,-1,-1,-1,-1,1154,-1,-1,-1,-1,-1,-1
Amadeus_Fink,-1,-1,-1,-1,-1,-1,-1,-1,-1,-1,-1,-1,2393,-1,-1,-1,-1,-1,-1
Asnazum,-1,-1,-1,-1,-1,-1,-1,-1,-1,561,-1,-1,-1,-1,-1,-1,-1,-1,-1
AyChristene,-1,-1,-1,-1,-1,-1,-1,-1,-1,-1,-1,-1,-1,-1,-1,944,-1,-1,-1
BadBoyHalo,-1,-1,-1,-1,-1,-1,-1,-1,-1,-1,-1,-1,-1,-1,1449,-1,-1,2312,-1
BBPaws,1665,1059,-1,1401,-1,-1,-1,-1,-1,-1,-1,-1,-1,-1,-1,-1,-1,-1,-1
Bedgar,-1,-1,-1,-1,-1,-1,-1,-1,-1,-1,-1,-1,1239,-1,-1,-1,-1,-1,-1
BekkiBoom,-1,-1,-1,-1,-1,-1,-1,-1,-1,-1,-1,-1,994,-1,-1,-1,-1,-1,-1
Bitzel,-1,-1,2249,-1,-1,2372,-1,-1,-1,-1,-1,-1,-1,-1,-1,-1,-1,-1,-1
BobaWitch,-1,-1,-1,-1,-1,-1,-1,-1,-1,-1,-1,-1,1158,-1,-1,-1,-1,-1,-1
Bouphe,-1,-1,-1,-1,-1,-1,-1,-1,-1,-1,-1,-1,791,-1,-1,-1,-1,-1,-1
Breeh,-1,-1,-1,-1,-1,-1,-1,-1,-1,-1,-1,-1,2065,-1,-1,-1,-1,-1,-1
BrionyKay,-1,-1,-1,-1,-1,-1,-1,-1,-1,-1,-1,-1,709,-1,-1,-1,-1,-1,-1
Calvin,-1,-1,2398,3042,-1,-1,-1,1917,2546,-1,-1,-1,-1,-1,-1,-1,-1,-1,-1
CaptainPuffy,1640,2325,1577,-1,1815,2190,2789,2031,1886,1989,1490,1878,-1,-1,1578,2588,-1,1840,-1
Checkpoint,-1,-1,-1,-1,-1,-1,-1,-1,-1,-1,-1,-1,1879,-1,-1,-1,-1,-1,-1
ChippyGaming,-1,-1,-1,-1,-1,-1,-1,-1,-1,-1,-1,-1,1478,-1,-1,-1,-1,-1,-1
ConnorEatsPants,-1,-1,-1,-1,-1,-1,-1,-1,-1,-1,959,-1,-1,-1,-1,-1,1193,-1,-1
Craigmeup,-1,-1,-1,-1,-1,-1,-1,-1,-1,-1,-1,-1,1380,-1,-1,-1,-1,-1,-1
Daltos,-1,-1,-1,-1,-1,-1,-1,-1,-1,-1,-1,-1,1677,-1,-1,-1,-1,-1,-1
DanTDM,-1,-1,-1,-1,-1,-1,-1,-1,-1,-1,1789,1918,-1,2114,1810,-1,-1,-1,-1
DraconiteDragon,-1,-1,-1,-1,-1,-1,-1,-1,-1,-1,-1,-1,-1,-1,-1,1083,-1,-1,-1
Drgluon,677,986,1073,989,1075,-1,724,-1,-1,761,-1,-1,-1,456,-1,-1,-1,706,-1
DrSimonClark,-1,-1,-1,-1,-1,-1,-1,-1,-1,-1,-1,-1,1172,-1,-1,-1,-1,-1,-1
F1NN5TER,-1,-1,-1,-1,-1,-1,-1,-1,1592,-1,1447,-1,-1,1725,-1,-1,-1,2118,-1
Farrantula,-1,-1,-1,-1,-1,-1,-1,-1,-1,-1,-1,-1,-1,-1,-1,342,-1,-1,-1
FionaRiches,-1,-1,-1,-1,-1,-1,-1,-1,-1,-1,-1,-1,439,-1,-1,-1,-1,-1,-1
Flabaliki,725,952,1402,1681,1292,-1,-1,-1,-1,-1,-1,-1,-1,-1,-1,-1,-1,-1,-1
FlorianFunke,2505,2163,-1,-1,-1,-1,-1,-1,-1,-1,-1,-1,-1,-1,-1,-1,-1,-1,-1
Fundy,-1,-1,-1,-1,-1,2790,3382,1921,2090,-1,2596,2922,-1,2474,2500,-1,2749,2699,-1
Geestargames,-1,-1,-1,-1,-1,-1,-1,-1,-1,-1,-1,-1,900,-1,-1,-1,-1,-1,-1
GizzyGazza,-1,-1,1937,1473,-1,-1,1480,-1,1471,-1,-1,1767,-1,-1,-1,2305,-1,-1,-1
GoldenGlare,-1,-1,-1,-1,-1,-1,-1,-1,-1,-1,-1,-1,-1,-1,-1,887,-1,-1,-1
Graser10,-1,-1,-1,2008,-1,-1,-1,-1,-1,-1,-1,-1,-1,-1,-1,-1,-1,-1,-1
Honeydew,-1,-1,-1,-1,-1,-1,-1,-1,-1,-1,-1,-1,2170,-1,-1,-1,-1,-1,-1
Hrry,-1,-1,-1,-1,-1,-1,-1,-1,-1,-1,-1,-1,1889,-1,-1,-1,-1,-1,-1
Icklenellierose,-1,-1,-1,-1,-1,-1,-1,-1,-1,-1,-1,-1,-1,-1,-1,239,-1,-1,-1
IHasCupquake,1032,-1,-1,-1,-1,-1,-1,-1,-1,-1,-1,-1,-1,-1,-1,-1,-1,-1,-1
iicBunnyx,-1,-1,-1,-1,-1,-1,-1,-1,-1,811,-1,-1,-1,-1,-1,-1,-1,-1,-1
iJevin,1654,-1,-1,-1,-1,-1,-1,-1,-1,-1,-1,-1,-1,-1,-1,-1,-1,-1,-1
Iskall85,-1,-1,-1,-1,2158,-1,-1,-1,-1,-1,-1,-1,-1,-1,-1,-1,-1,-1,-1
ItsFunneh,-1,-1,-1,-1,-1,-1,-1,-1,-1,-1,-1,-1,-1,-1,-1,1369,-1,-1,-1
ItsJustOriah,-1,-1,-1,-1,-1,-1,-1,-1,-1,1312,-1,-1,-1,-1,-1,-1,-1,-1,-1
JackSucksAtLife,1208,-1,-1,-1,-1,-1,-1,-1,-1,-1,-1,-1,-1,-1,-1,-1,-1,-1,-1
JamesCharles,-1,-1,-1,1101,-1,-1,-1,-1,-1,-1,708,-1,-1,-1,-1,-1,-1,-1,-1
Jameskii,1658,-1,-1,-1,-1,-1,-1,-1,-1,-1,-1,-1,-1,-1,-1,-1,-1,-1,-1
JamesTurner,-1,-1,-1,-1,-1,-1,1354,-1,-1,942,-1,-1,-1,734,-1,-1,-1,667,-1
Janedouglas,-1,-1,-1,-1,-1,-1,-1,-1,-1,-1,-1,-1,-1,-1,-1,266,-1,-1,-1
JCtheCaster,2614,-1,-1,-1,-1,-1,-1,-1,-1,-1,-1,-1,-1,-1,-1,-1,-1,-1,-1
JeromeASF,-1,-1,-1,2173,1813,-1,2543,-1,1671,-1,-1,-1,-1,-1,-1,1808,-1,-1,-1
Jestanii,-1,1493,-1,-1,-1,-1,-1,-1,-1,-1,-1,-1,-1,-1,-1,-1,-1,-1,-1
JOEYGRACEFFA,1048,746,1500,1267,-1,-1,-1,347,-1,-1,-1,-1,-1,-1,-1,1574,-1,-1,-1
KatherineElizabeth,-1,1167,1118,1627,-1,1533,-1,1769,-1,-1,1044,-1,-1,1430,1547,-1,-1,-1,-1
Kontuz,-1,-1,-1,-1,-1,-1,-1,-1,-1,941,-1,-1,-1,-1,-1,-1,-1,-1,-1
KreekCraft,-1,-1,-1,-1,-1,-1,-1,-1,-1,-1,-1,-1,-1,-1,-1,3318,-1,-1,-1
Krinios,-1,1709,2590,2779,2686,2431,3195,2402,-1,2865,1825,-1,-1,2680,-1,-1,1472,-1,-1
Krtzy,3029,2761,2506,3110,2507,-1,2718,3004,3024,-1,2142,-1,-1,3049,2877,-1,2094,2613,-1
LaurenZSide,-1,-1,-1,-1,937,-1,-1,-1,-1,-1,-1,1134,-1,-1,-1,-1,-1,-1,-1
Lazarbeam,-1,-1,-1,-1,-1,-1,-1,-1,-1,-1,-1,-1,-1,-1,-1,1214,-1,-1,-1
LDShadowLady,1469,1687,1522,-1,-1,917,-1,-1,-1,1862,-1,-1,-1,1365,-1,1739,-1,-1,-1
Leozaur,-1,-1,-1,-1,-1,-1,-1,-1,-1,-1,-1,-1,1694,-1,-1,-1,-1,-1,-1
LividCoffee,-1,-1,-1,-1,-1,-1,-1,-1,-1,-1,-1,-1,2037,-1,-1,-1,-1,-1,-1
Ludwig,-1,-1,-1,-1,-1,-1,-1,-1,-1,-1,-1,-1,-1,1371,-1,-1,-1,-1,-1
M4NGO,-1,-1,-1,-1,-1,-1,-1,-1,-1,-1,-1,-1,1222,-1,-1,-1,-1,-1,-1
Magistrex,-1,1264,1630,1542,1576,-1,1923,-1,-1,-1,-1,-1,2606,-1,-1,-1,-1,1408,-1
Marielitai,-1,-1,886,-1,-1,-1,-1,-1,-1,-1,-1,-1,-1,-1,-1,-1,-1,-1,-1
Mefs,-1,2655,-1,-1,2311,3223,-1,2784,2164,-1,-1,-1,-1,2069,-1,2433,-1,-1,-1
Michaelmcchill,2941,2054,1505,2116,1619,2318,1645,2060,-1,2005,-1,1692,-1,-1,-1,-1,1777,-1,-1
MikeChannell,-1,-1,-1,-1,-1,-1,-1,-1,-1,-1,-1,-1,-1,-1,-1,299,-1,-1,-1
MiniMuka,-1,2103,-1,1435,-1,1346,-1,1592,-1,-1,1936,-1,-1,-1,-1,-1,-1,-1,-1
Mousie,-1,-1,-1,-1,-1,-1,-1,-1,-1,-1,-1,-1,1340,-1,-1,-1,-1,-1,-1
Muselk,-1,-1,-1,-1,-1,-1,-1,-1,-1,-1,-1,-1,-1,-1,-1,1039,-1,-1,-1
MysterySalesman,869,-1,-1,-1,-1,-1,-1,-1,-1,-1,-1,-1,-1,-1,-1,-1,-1,-1,-1
NanoSounds,-1,-1,-1,-1,-1,-1,-1,-1,-1,-1,-1,-1,1287,-1,-1,-1,-1,-1,-1
NettyPlays,1351,-1,-1,-1,-1,-1,-1,-1,-1,-1,-1,-1,-1,-1,-1,-1,-1,-1,-1
NinaSerena,-1,-1,-1,-1,-1,-1,-1,-1,-1,-1,-1,-1,1445,-1,-1,-1,-1,-1,-1
Osiefish,-1,-1,-1,-1,-1,-1,-1,-1,-1,-1,-1,-1,871,-1,-1,-1,-1,-1,-1
PaintingRainbows,-1,-1,-1,-1,-1,-1,-1,-1,-1,-1,-1,-1,-1,-1,-1,587,-1,-1,-1
PEARLBYTEZ,-1,-1,-1,-1,-1,-1,-1,-1,-1,705,-1,-1,-1,-1,-1,-1,-1,-1,-1
PearlescentMoon,-1,-1,-1,-1,-1,1691,1496,1379,1972,-1,2226,1930,-1,-1,-1,2595,1324,1713,-1
Pedguin,-1,-1,-1,-1,-1,-1,-1,-1,-1,-1,-1,-1,1775,-1,-1,-1,-1,-1,-1
Plumbella,-1,-1,456,884,455,-1,766,-1,-1,-1,-1,-1,-1,-1,-1,-1,-1,-1,-1
Pokimane,-1,-1,-1,-1,-1,-1,-1,-1,-1,676,-1,-1,-1,-1,-1,-1,-1,-1,-1
Quackity,-1,-1,-1,-1,-1,-1,-1,-1,-1,-1,1572,1162,-1,1365,1186,-1,1900,-1,-1
QuirkyFace,-1,-1,-1,-1,-1,-1,-1,-1,-1,-1,-1,-1,2509,-1,-1,-1,-1,-1,-1
Rafessor,2313,2120,-1,-1,-1,-1,-1,-1,-1,-1,-1,-1,-1,-1,-1,-1,-1,-1,-1
Ravs,-1,-1,-1,-1,-1,-1,-1,-1,-1,-1,-1,-1,2415,-1,-1,-1,-1,-1,-1
Rhiannon,-1,-1,-1,-1,-1,-1,-1,-1,-1,-1,-1,-1,1618,-1,-1,-1,-1,-1,-1
RIPmika,-1,-1,-1,-1,-1,-1,-1,453,699,-1,-1,-1,-1,-1,-1,-1,-1,-1,-1
Roguskii,-1,-1,-1,-1,-1,-1,-1,-1,-1,640,-1,-1,-1,-1,-1,-1,-1,-1,-1
Ryguyrocky,2470,2822,1759,-1,-1,2320,2477,-1,1939,-1,-1,2116,-1,-1,-1,2602,-1,-1,-1
Rythian,-1,-1,-1,-1,-1,-1,-1,-1,-1,-1,-1,-1,1114,-1,-1,-1,-1,-1,-1
Seapeekay,-1,2135,2122,2522,2433,2273,2648,2160,2116,-1,2218,2579,-1,2063,2255,2596,2411,2887,-1
Sherlock_Hulmes,-1,-1,-1,-1,-1,-1,-1,-1,-1,-1,-1,-1,1537,-1,-1,-1,-1,-1,-1
Skeppy,-1,-1,-1,-1,-1,-1,-1,-1,-1,-1,-1,-1,-1,-1,1402,-1,-1,-1,-1
Smallishbeans,1943,2082,1898,-1,-1,1499,-1,2463,1670,2504,1768,2160,-1,2066,-1,2302,2246,2785,-1
Spifey,-1,-1,-1,-1,-1,-1,-1,-1,1896,-1,-1,1679,-1,-1,-1,1945,-1,1882,-1
SpiffingBrit,-1,-1,-1,-1,-1,-1,-1,-1,-1,-1,-1,-1,2599,-1,-1,-1,-1,-1,-1
Sqaishey,-1,-1,-1,-1,-1,-1,-1,-1,-1,-1,-1,-1,-1,-1,-1,1720,-1,-1,-1
SquidGaming,-1,-1,-1,-1,-1,-1,-1,-1,-1,-1,-1,-1,692,-1,-1,-1,-1,-1,-1
Steph0sims,-1,-1,390,-1,727,533,-1,-1,-1,-1,-1,-1,-1,-1,-1,-1,-1,-1,-1
Strawburry17,808,1271,1464,1320,1050,1288,-1,848,1183,-1,-1,-1,-1,-1,-1,-1,-1,-1,-1
Sylvee,-1,921,1513,-1,1277,1291,1769,1638,1606,1537,1053,-1,-1,1641,1517,-1,1399,2294,-1
TankMatt,1642,-1,-1,-1,-1,-1,-1,-1,-1,-1,-1,-1,-1,-1,-1,-1,-1,-1,-1
TapL,-1,-1,-1,-1,-1,-1,-1,2476,2051,2953,2776,2827,-1,-1,2239,3960,3268,2340,-1
TBNRfrags,-1,-1,-1,-1,-1,-1,-1,-1,-1,-1,-1,-1,-1,-1,-1,-1,2236,2126,-1
Technoblade,-1,3669,2753,4307,2707,2783,3174,2905,3519,3478,3112,-1,-1,-1,-1,3925,-1,-1,-1
TheOrionSound,-1,-1,984,1528,1581,1270,-1,-1,-1,-1,-1,-1,-1,1814,1871,-1,1290,1818,-1
ToxxxicSupport,-1,856,824,-1,-1,-1,-1,-1,-1,-1,-1,-1,-1,-1,-1,-1,-1,-1,-1
VapeKit,-1,-1,-1,-1,-1,-1,-1,-1,-1,1471,-1,-1,-1,-1,-1,-1,-1,-1,-1
Vikkstar123,2825,3643,3123,3014,2660,-1,-1,-1,-1,-1,-1,-1,-1,-1,2429,2440,-1,-1,-1
VoiceoverPete,-1,-1,1160,-1,857,-1,-1,-1,-1,-1,-1,-1,-1,-1,-1,-1,-1,-1,-1
Wahzdah,1599,-1,-1,-1,-1,-1,-1,-1,-1,-1,-1,-1,-1,-1,-1,-1,-1,-1,-1
Wolv21,1643,-1,-1,-1,-1,-1,-1,-1,-1,-1,-1,-1,-1,-1,-1,-1,-1,-1,-1
Xephos,-1,-1,-1,-1,-1,-1,-1,-1,-1,-1,-1,-1,2014,-1,-1,-1,-1,-1,-1
yammy_xox,1484,-1,-1,1582,-1,-1,-1,-1,-1,-1,-1,-1,-1,-1,-1,-1,-1,-1,-1
Yeetdaisie,-1,-1,-1,-1,-1,-1,-1,-1,-1,819,-1,-1,-1,-1,-1,-1,-1,-1,-1
ZoeyProasheck,-1,-1,-1,-1,-1,-1,-1,-1,-1,-1,-1,-1,1773,-1,-1,-1,-1,-1,-1
Zylush,-1,-1,-1,-1,-1,-1,-1,-1,-1,-1,-1,-1,1434,-1,-1,-1,-1,-1,-1